0	9
1	1822
2	228805
3	2283680
4	5172197
5	1713635
6	211274
7	10173
8	516
9	23


Histogram work:

9+1822+228805+2283680+5172197+1713635+211274+10173+516+23
9,622,134 total nodes

50th percent: Node #4,811,067.0
90th percent: Node #8,659,920, 8,659,921
95th percent: Node #9,141,027, 9,141,028

0	9
Total 9
1	1822
Total 1,831
2	228805
Total 230,636
3	2283680
Total 2,514,316
4	5172197
Total 7,686,513
5	1713635
Total 9,400,148
6	211274
Total 9,611,422
7	10173
Total 9,621,595
8	516
Total 9,622,111
9	23
Total 9,622,134